// Spare Rations
dimwishlist:item=3116356268&perks=3250034553,1561002382,247725512,1015611457
dimwishlist:item=3116356268&perks=3250034553,1087426260,247725512,1015611457
dimwishlist:item=3116356268&perks=3250034553,1561002382,1354429876,1015611457
dimwishlist:item=3116356268&perks=3250034553,1087426260,1354429876,1015611457
dimwishlist:item=3116356268&perks=3250034553,1561002382,247725512,3425386926
dimwishlist:item=3116356268&perks=3250034553,1087426260,247725512,3425386926
dimwishlist:item=3116356268&perks=3250034553,1561002382,1354429876,3425386926
dimwishlist:item=3116356268&perks=3250034553,1087426260,1354429876,3425386926
dimwishlist:item=3116356268&perks=3250034553,1561002382,247725512,2458213969
dimwishlist:item=3116356268&perks=3250034553,1087426260,247725512,2458213969
dimwishlist:item=3116356268&perks=3250034553,1561002382,1354429876,2458213969
dimwishlist:item=3116356268&perks=3250034553,1087426260,1354429876,2458213969

// Dire Promise (S10)
dimwishlist:item=2742838701&perks=1926090092,1087426260,47981717,4082225868
dimwishlist:item=2742838701&perks=1926090093,1087426260,47981717,4082225868
dimwishlist:item=2742838701&perks=1926090090,1087426260,47981717,4082225868
dimwishlist:item=2742838701&perks=1926090091,1087426260,47981717,4082225868
dimwishlist:item=2742838701&perks=1926090092,1968497646,47981717,4082225868
dimwishlist:item=2742838701&perks=1926090093,1968497646,47981717,4082225868
dimwishlist:item=2742838701&perks=1926090090,1968497646,47981717,4082225868
dimwishlist:item=2742838701&perks=1926090091,1968497646,47981717,4082225868
dimwishlist:item=2742838701&perks=1926090092,1561002382,47981717,4082225868
dimwishlist:item=2742838701&perks=1926090093,1561002382,47981717,4082225868
dimwishlist:item=2742838701&perks=1926090090,1561002382,47981717,4082225868
dimwishlist:item=2742838701&perks=1926090091,1561002382,47981717,4082225868
dimwishlist:item=2742838701&perks=1926090092,1885400500,47981717,4082225868
dimwishlist:item=2742838701&perks=1926090093,1885400500,47981717,4082225868
dimwishlist:item=2742838701&perks=1926090090,1885400500,47981717,4082225868
dimwishlist:item=2742838701&perks=1926090091,1885400500,47981717,4082225868
dimwishlist:item=2742838701&perks=1926090092,1087426260,3643424744,4082225868
dimwishlist:item=2742838701&perks=1926090093,1087426260,3643424744,4082225868
dimwishlist:item=2742838701&perks=1926090090,1087426260,3643424744,4082225868
dimwishlist:item=2742838701&perks=1926090091,1087426260,3643424744,4082225868
dimwishlist:item=2742838701&perks=1926090092,1968497646,3643424744,4082225868
dimwishlist:item=2742838701&perks=1926090093,1968497646,3643424744,4082225868
dimwishlist:item=2742838701&perks=1926090090,1968497646,3643424744,4082225868
dimwishlist:item=2742838701&perks=1926090091,1968497646,3643424744,4082225868
dimwishlist:item=2742838701&perks=1926090092,1561002382,3643424744,4082225868
dimwishlist:item=2742838701&perks=1926090093,1561002382,3643424744,4082225868
dimwishlist:item=2742838701&perks=1926090090,1561002382,3643424744,4082225868
dimwishlist:item=2742838701&perks=1926090091,1561002382,3643424744,4082225868
dimwishlist:item=2742838701&perks=1926090092,1885400500,3643424744,4082225868
dimwishlist:item=2742838701&perks=1926090093,1885400500,3643424744,4082225868
dimwishlist:item=2742838701&perks=1926090090,1885400500,3643424744,4082225868
dimwishlist:item=2742838701&perks=1926090091,1885400500,3643424744,4082225868
dimwishlist:item=2742838701&perks=1926090092,1087426260,47981717,2846385770
dimwishlist:item=2742838701&perks=1926090093,1087426260,47981717,2846385770
dimwishlist:item=2742838701&perks=1926090090,1087426260,47981717,2846385770
dimwishlist:item=2742838701&perks=1926090091,1087426260,47981717,2846385770
dimwishlist:item=2742838701&perks=1926090092,1968497646,47981717,2846385770
dimwishlist:item=2742838701&perks=1926090093,1968497646,47981717,2846385770
dimwishlist:item=2742838701&perks=1926090090,1968497646,47981717,2846385770
dimwishlist:item=2742838701&perks=1926090091,1968497646,47981717,2846385770
dimwishlist:item=2742838701&perks=1926090092,1561002382,47981717,2846385770
dimwishlist:item=2742838701&perks=1926090093,1561002382,47981717,2846385770
dimwishlist:item=2742838701&perks=1926090090,1561002382,47981717,2846385770
dimwishlist:item=2742838701&perks=1926090091,1561002382,47981717,2846385770
dimwishlist:item=2742838701&perks=1926090092,1885400500,47981717,2846385770
dimwishlist:item=2742838701&perks=1926090093,1885400500,47981717,2846385770
dimwishlist:item=2742838701&perks=1926090090,1885400500,47981717,2846385770
dimwishlist:item=2742838701&perks=1926090091,1885400500,47981717,2846385770
dimwishlist:item=2742838701&perks=1926090092,1087426260,3643424744,2846385770
dimwishlist:item=2742838701&perks=1926090093,1087426260,3643424744,2846385770
dimwishlist:item=2742838701&perks=1926090090,1087426260,3643424744,2846385770
dimwishlist:item=2742838701&perks=1926090091,1087426260,3643424744,2846385770
dimwishlist:item=2742838701&perks=1926090092,1968497646,3643424744,2846385770
dimwishlist:item=2742838701&perks=1926090093,1968497646,3643424744,2846385770
dimwishlist:item=2742838701&perks=1926090090,1968497646,3643424744,2846385770
dimwishlist:item=2742838701&perks=1926090091,1968497646,3643424744,2846385770
dimwishlist:item=2742838701&perks=1926090092,1561002382,3643424744,2846385770
dimwishlist:item=2742838701&perks=1926090093,1561002382,3643424744,2846385770
dimwishlist:item=2742838701&perks=1926090090,1561002382,3643424744,2846385770
dimwishlist:item=2742838701&perks=1926090091,1561002382,3643424744,2846385770
dimwishlist:item=2742838701&perks=1926090092,1885400500,3643424744,2846385770
dimwishlist:item=2742838701&perks=1926090093,1885400500,3643424744,2846385770
dimwishlist:item=2742838701&perks=1926090090,1885400500,3643424744,2846385770
dimwishlist:item=2742838701&perks=1926090091,1885400500,3643424744,2846385770
dimwishlist:item=2742838701&perks=1926090092,1087426260,47981717,1774574192
dimwishlist:item=2742838701&perks=1926090093,1087426260,47981717,1774574192
dimwishlist:item=2742838701&perks=1926090090,1087426260,47981717,1774574192
dimwishlist:item=2742838701&perks=1926090091,1087426260,47981717,1774574192
dimwishlist:item=2742838701&perks=1926090092,1968497646,47981717,1774574192
dimwishlist:item=2742838701&perks=1926090093,1968497646,47981717,1774574192
dimwishlist:item=2742838701&perks=1926090090,1968497646,47981717,1774574192
dimwishlist:item=2742838701&perks=1926090091,1968497646,47981717,1774574192
dimwishlist:item=2742838701&perks=1926090092,1561002382,47981717,1774574192
dimwishlist:item=2742838701&perks=1926090093,1561002382,47981717,1774574192
dimwishlist:item=2742838701&perks=1926090090,1561002382,47981717,1774574192
dimwishlist:item=2742838701&perks=1926090091,1561002382,47981717,1774574192
dimwishlist:item=2742838701&perks=1926090092,1885400500,47981717,1774574192
dimwishlist:item=2742838701&perks=1926090093,1885400500,47981717,1774574192
dimwishlist:item=2742838701&perks=1926090090,1885400500,47981717,1774574192
dimwishlist:item=2742838701&perks=1926090091,1885400500,47981717,1774574192
dimwishlist:item=2742838701&perks=1926090092,1087426260,3643424744,1774574192
dimwishlist:item=2742838701&perks=1926090093,1087426260,3643424744,1774574192
dimwishlist:item=2742838701&perks=1926090090,1087426260,3643424744,1774574192
dimwishlist:item=2742838701&perks=1926090091,1087426260,3643424744,1774574192
dimwishlist:item=2742838701&perks=1926090092,1968497646,3643424744,1774574192
dimwishlist:item=2742838701&perks=1926090093,1968497646,3643424744,1774574192
dimwishlist:item=2742838701&perks=1926090090,1968497646,3643424744,1774574192
dimwishlist:item=2742838701&perks=1926090091,1968497646,3643424744,1774574192
dimwishlist:item=2742838701&perks=1926090092,1561002382,3643424744,1774574192
dimwishlist:item=2742838701&perks=1926090093,1561002382,3643424744,1774574192
dimwishlist:item=2742838701&perks=1926090090,1561002382,3643424744,1774574192
dimwishlist:item=2742838701&perks=1926090091,1561002382,3643424744,1774574192
dimwishlist:item=2742838701&perks=1926090092,1885400500,3643424744,1774574192
dimwishlist:item=2742838701&perks=1926090093,1885400500,3643424744,1774574192
dimwishlist:item=2742838701&perks=1926090090,1885400500,3643424744,1774574192
dimwishlist:item=2742838701&perks=1926090091,1885400500,3643424744,1774574192
dimwishlist:item=2742838701&perks=1926090092,1087426260,47981717,3511092054
dimwishlist:item=2742838701&perks=1926090093,1087426260,47981717,3511092054
dimwishlist:item=2742838701&perks=1926090090,1087426260,47981717,3511092054
dimwishlist:item=2742838701&perks=1926090091,1087426260,47981717,3511092054
dimwishlist:item=2742838701&perks=1926090092,1968497646,47981717,3511092054
dimwishlist:item=2742838701&perks=1926090093,1968497646,47981717,3511092054
dimwishlist:item=2742838701&perks=1926090090,1968497646,47981717,3511092054
dimwishlist:item=2742838701&perks=1926090091,1968497646,47981717,3511092054
dimwishlist:item=2742838701&perks=1926090092,1561002382,47981717,3511092054
dimwishlist:item=2742838701&perks=1926090093,1561002382,47981717,3511092054
dimwishlist:item=2742838701&perks=1926090090,1561002382,47981717,3511092054
dimwishlist:item=2742838701&perks=1926090091,1561002382,47981717,3511092054
dimwishlist:item=2742838701&perks=1926090092,1885400500,47981717,3511092054
dimwishlist:item=2742838701&perks=1926090093,1885400500,47981717,3511092054
dimwishlist:item=2742838701&perks=1926090090,1885400500,47981717,3511092054
dimwishlist:item=2742838701&perks=1926090091,1885400500,47981717,3511092054
dimwishlist:item=2742838701&perks=1926090092,1087426260,3643424744,3511092054
dimwishlist:item=2742838701&perks=1926090093,1087426260,3643424744,3511092054
dimwishlist:item=2742838701&perks=1926090090,1087426260,3643424744,3511092054
dimwishlist:item=2742838701&perks=1926090091,1087426260,3643424744,3511092054
dimwishlist:item=2742838701&perks=1926090092,1968497646,3643424744,3511092054
dimwishlist:item=2742838701&perks=1926090093,1968497646,3643424744,3511092054
dimwishlist:item=2742838701&perks=1926090090,1968497646,3643424744,3511092054
dimwishlist:item=2742838701&perks=1926090091,1968497646,3643424744,3511092054
dimwishlist:item=2742838701&perks=1926090092,1561002382,3643424744,3511092054
dimwishlist:item=2742838701&perks=1926090093,1561002382,3643424744,3511092054
dimwishlist:item=2742838701&perks=1926090090,1561002382,3643424744,3511092054
dimwishlist:item=2742838701&perks=1926090091,1561002382,3643424744,3511092054
dimwishlist:item=2742838701&perks=1926090092,1885400500,3643424744,3511092054
dimwishlist:item=2742838701&perks=1926090093,1885400500,3643424744,3511092054
dimwishlist:item=2742838701&perks=1926090090,1885400500,3643424744,3511092054
dimwishlist:item=2742838701&perks=1926090091,1885400500,3643424744,3511092054

// Duke Mk.44
dimwishlist:item=2112909414&perks=1926090094,1168162263,1968497646,3425386926
dimwishlist:item=2112909414&perks=1926090095,1168162263,1968497646,3425386926
dimwishlist:item=2112909414&perks=1926090092,1168162263,1968497646,3425386926
dimwishlist:item=2112909414&perks=1926090093,1168162263,1968497646,3425386926
dimwishlist:item=2112909414&perks=1926090094,247725512,1968497646,3425386926
dimwishlist:item=2112909414&perks=1926090095,247725512,1968497646,3425386926
dimwishlist:item=2112909414&perks=1926090092,247725512,1968497646,3425386926
dimwishlist:item=2112909414&perks=1926090093,247725512,1968497646,3425386926
dimwishlist:item=2112909414&perks=1926090094,1168162263,1561002382,3425386926
dimwishlist:item=2112909414&perks=1926090095,1168162263,1561002382,3425386926
dimwishlist:item=2112909414&perks=1926090092,1168162263,1561002382,3425386926
dimwishlist:item=2112909414&perks=1926090093,1168162263,1561002382,3425386926
dimwishlist:item=2112909414&perks=1926090094,247725512,1561002382,3425386926
dimwishlist:item=2112909414&perks=1926090095,247725512,1561002382,3425386926
dimwishlist:item=2112909414&perks=1926090092,247725512,1561002382,3425386926
dimwishlist:item=2112909414&perks=1926090093,247725512,1561002382,3425386926
dimwishlist:item=2112909414&perks=1926090094,1168162263,1885400500,3425386926
dimwishlist:item=2112909414&perks=1926090095,1168162263,1885400500,3425386926
dimwishlist:item=2112909414&perks=1926090092,1168162263,1885400500,3425386926
dimwishlist:item=2112909414&perks=1926090093,1168162263,1885400500,3425386926
dimwishlist:item=2112909414&perks=1926090094,247725512,1885400500,3425386926
dimwishlist:item=2112909414&perks=1926090095,247725512,1885400500,3425386926
dimwishlist:item=2112909414&perks=1926090092,247725512,1885400500,3425386926
dimwishlist:item=2112909414&perks=1926090093,247725512,1885400500,3425386926
dimwishlist:item=2112909414&perks=1926090094,1168162263,1968497646,1015611457
dimwishlist:item=2112909414&perks=1926090095,1168162263,1968497646,1015611457
dimwishlist:item=2112909414&perks=1926090092,1168162263,1968497646,1015611457
dimwishlist:item=2112909414&perks=1926090093,1168162263,1968497646,1015611457
dimwishlist:item=2112909414&perks=1926090094,247725512,1968497646,1015611457
dimwishlist:item=2112909414&perks=1926090095,247725512,1968497646,1015611457
dimwishlist:item=2112909414&perks=1926090092,247725512,1968497646,1015611457
dimwishlist:item=2112909414&perks=1926090093,247725512,1968497646,1015611457
dimwishlist:item=2112909414&perks=1926090094,1168162263,1561002382,1015611457
dimwishlist:item=2112909414&perks=1926090095,1168162263,1561002382,1015611457
dimwishlist:item=2112909414&perks=1926090092,1168162263,1561002382,1015611457
dimwishlist:item=2112909414&perks=1926090093,1168162263,1561002382,1015611457
dimwishlist:item=2112909414&perks=1926090094,247725512,1561002382,1015611457
dimwishlist:item=2112909414&perks=1926090095,247725512,1561002382,1015611457
dimwishlist:item=2112909414&perks=1926090092,247725512,1561002382,1015611457
dimwishlist:item=2112909414&perks=1926090093,247725512,1561002382,1015611457
dimwishlist:item=2112909414&perks=1926090094,1168162263,1885400500,1015611457
dimwishlist:item=2112909414&perks=1926090095,1168162263,1885400500,1015611457
dimwishlist:item=2112909414&perks=1926090092,1168162263,1885400500,1015611457
dimwishlist:item=2112909414&perks=1926090093,1168162263,1885400500,1015611457
dimwishlist:item=2112909414&perks=1926090094,247725512,1885400500,1015611457
dimwishlist:item=2112909414&perks=1926090095,247725512,1885400500,1015611457
dimwishlist:item=2112909414&perks=1926090092,247725512,1885400500,1015611457
dimwishlist:item=2112909414&perks=1926090093,247725512,1885400500,1015611457

// Seventh Seraph Officer Revolver
dimwishlist:item=3037520408&perks=4090651448,3142289711,1354429876,2779035018
dimwishlist:item=3037520408&perks=3250034553,3142289711,1354429876,2779035018
dimwishlist:item=3037520408&perks=4090651448,3142289711,1354429876,1774574192
dimwishlist:item=3037520408&perks=3250034553,3142289711,1354429876,1774574192
dimwishlist:item=3037520408&perks=4090651448,3142289711,1354429876,2458213969
dimwishlist:item=3037520408&perks=3250034553,3142289711,1354429876,2458213969

// Seventh Seraph CQC-12
dimwishlist:item=1821724780&perks=1332244541,791862061,1556840489,2360754333
dimwishlist:item=1821724780&perks=1482024992,791862061,1556840489,2360754333
dimwishlist:item=1821724780&perks=4090651448,791862061,1556840489,2360754333
dimwishlist:item=1821724780&perks=1047830412,791862061,1556840489,2360754333
dimwishlist:item=1821724780&perks=1332244541,1087426260,1556840489,2360754333
dimwishlist:item=1821724780&perks=1482024992,1087426260,1556840489,2360754333
dimwishlist:item=1821724780&perks=4090651448,1087426260,1556840489,2360754333
dimwishlist:item=1821724780&perks=1047830412,1087426260,1556840489,2360754333
dimwishlist:item=1821724780&perks=1332244541,3142289711,1556840489,2360754333
dimwishlist:item=1821724780&perks=1482024992,3142289711,1556840489,2360754333
dimwishlist:item=1821724780&perks=4090651448,3142289711,1556840489,2360754333
dimwishlist:item=1821724780&perks=1047830412,3142289711,1556840489,2360754333

// Perfect Paradox (S09)
dimwishlist:item=3393519051&perks=1047830412,3142289711,4071163871,3425386926
dimwishlist:item=3393519051&perks=1482024992,3142289711,4071163871,3425386926
dimwishlist:item=3393519051&perks=4090651448,3142289711,4071163871,3425386926
dimwishlist:item=3393519051&perks=1047830412,3142289711,4071163871,4082225868
dimwishlist:item=3393519051&perks=1482024992,3142289711,4071163871,4082225868
dimwishlist:item=3393519051&perks=4090651448,3142289711,4071163871,4082225868
dimwishlist:item=3393519051&perks=1047830412,3142289711,4071163871,2360754333
dimwishlist:item=3393519051&perks=1482024992,3142289711,4071163871,2360754333
dimwishlist:item=3393519051&perks=4090651448,3142289711,4071163871,2360754333
dimwishlist:item=3393519051&perks=1047830412,3142289711,4071163871,2679249093
dimwishlist:item=3393519051&perks=1482024992,3142289711,4071163871,2679249093
dimwishlist:item=3393519051&perks=4090651448,3142289711,4071163871,2679249093

// Tatara Gaze
dimwishlist:item=1449922174&perks=839105230,106909392,706527188,1015611457
dimwishlist:item=1449922174&perks=1840239774,106909392,706527188,1015611457
dimwishlist:item=1449922174&perks=1392496348,106909392,706527188,1015611457
dimwishlist:item=1449922174&perks=839105230,3230963543,706527188,1015611457
dimwishlist:item=1449922174&perks=1840239774,3230963543,706527188,1015611457
dimwishlist:item=1449922174&perks=1392496348,3230963543,706527188,1015611457
dimwishlist:item=1449922174&perks=839105230,1087426260,706527188,1015611457
dimwishlist:item=1449922174&perks=1840239774,1087426260,706527188,1015611457
dimwishlist:item=1449922174&perks=1392496348,1087426260,706527188,1015611457
dimwishlist:item=1449922174&perks=839105230,106909392,957782887,1015611457
dimwishlist:item=1449922174&perks=1840239774,106909392,957782887,1015611457
dimwishlist:item=1449922174&perks=1392496348,106909392,957782887,1015611457
dimwishlist:item=1449922174&perks=839105230,3230963543,957782887,1015611457
dimwishlist:item=1449922174&perks=1840239774,3230963543,957782887,1015611457
dimwishlist:item=1449922174&perks=1392496348,3230963543,957782887,1015611457
dimwishlist:item=1449922174&perks=839105230,1087426260,957782887,1015611457
dimwishlist:item=1449922174&perks=1840239774,1087426260,957782887,1015611457
dimwishlist:item=1449922174&perks=1392496348,1087426260,957782887,1015611457
dimwishlist:item=1449922174&perks=839105230,106909392,1168162263,1015611457
dimwishlist:item=1449922174&perks=1840239774,106909392,1168162263,1015611457
dimwishlist:item=1449922174&perks=1392496348,106909392,1168162263,1015611457
dimwishlist:item=1449922174&perks=839105230,3230963543,1168162263,1015611457
dimwishlist:item=1449922174&perks=1840239774,3230963543,1168162263,1015611457
dimwishlist:item=1449922174&perks=1392496348,3230963543,1168162263,1015611457
dimwishlist:item=1449922174&perks=839105230,1087426260,1168162263,1015611457
dimwishlist:item=1449922174&perks=1840239774,1087426260,1168162263,1015611457
dimwishlist:item=1449922174&perks=1392496348,1087426260,1168162263,1015611457
dimwishlist:item=1449922174&perks=839105230,106909392,706527188,2551157718
dimwishlist:item=1449922174&perks=1840239774,106909392,706527188,2551157718
dimwishlist:item=1449922174&perks=1392496348,106909392,706527188,2551157718
dimwishlist:item=1449922174&perks=839105230,3230963543,706527188,2551157718
dimwishlist:item=1449922174&perks=1840239774,3230963543,706527188,2551157718
dimwishlist:item=1449922174&perks=1392496348,3230963543,706527188,2551157718
dimwishlist:item=1449922174&perks=839105230,1087426260,706527188,2551157718
dimwishlist:item=1449922174&perks=1840239774,1087426260,706527188,2551157718
dimwishlist:item=1449922174&perks=1392496348,1087426260,706527188,2551157718
dimwishlist:item=1449922174&perks=839105230,106909392,957782887,2551157718
dimwishlist:item=1449922174&perks=1840239774,106909392,957782887,2551157718
dimwishlist:item=1449922174&perks=1392496348,106909392,957782887,2551157718
dimwishlist:item=1449922174&perks=839105230,3230963543,957782887,2551157718
dimwishlist:item=1449922174&perks=1840239774,3230963543,957782887,2551157718
dimwishlist:item=1449922174&perks=1392496348,3230963543,957782887,2551157718
dimwishlist:item=1449922174&perks=839105230,1087426260,957782887,2551157718
dimwishlist:item=1449922174&perks=1840239774,1087426260,957782887,2551157718
dimwishlist:item=1449922174&perks=1392496348,1087426260,957782887,2551157718
dimwishlist:item=1449922174&perks=839105230,106909392,1168162263,2551157718
dimwishlist:item=1449922174&perks=1840239774,106909392,1168162263,2551157718
dimwishlist:item=1449922174&perks=1392496348,106909392,1168162263,2551157718
dimwishlist:item=1449922174&perks=839105230,3230963543,1168162263,2551157718
dimwishlist:item=1449922174&perks=1840239774,3230963543,1168162263,2551157718
dimwishlist:item=1449922174&perks=1392496348,3230963543,1168162263,2551157718
dimwishlist:item=1449922174&perks=839105230,1087426260,1168162263,2551157718
dimwishlist:item=1449922174&perks=1840239774,1087426260,1168162263,2551157718
dimwishlist:item=1449922174&perks=1392496348,1087426260,1168162263,2551157718
dimwishlist:item=1449922174&perks=839105230,106909392,706527188,3425386926
dimwishlist:item=1449922174&perks=1840239774,106909392,706527188,3425386926
dimwishlist:item=1449922174&perks=1392496348,106909392,706527188,3425386926
dimwishlist:item=1449922174&perks=839105230,3230963543,706527188,3425386926
dimwishlist:item=1449922174&perks=1840239774,3230963543,706527188,3425386926
dimwishlist:item=1449922174&perks=1392496348,3230963543,706527188,3425386926
dimwishlist:item=1449922174&perks=839105230,1087426260,706527188,3425386926
dimwishlist:item=1449922174&perks=1840239774,1087426260,706527188,3425386926
dimwishlist:item=1449922174&perks=1392496348,1087426260,706527188,3425386926
dimwishlist:item=1449922174&perks=839105230,106909392,957782887,3425386926
dimwishlist:item=1449922174&perks=1840239774,106909392,957782887,3425386926
dimwishlist:item=1449922174&perks=1392496348,106909392,957782887,3425386926
dimwishlist:item=1449922174&perks=839105230,3230963543,957782887,3425386926
dimwishlist:item=1449922174&perks=1840239774,3230963543,957782887,3425386926
dimwishlist:item=1449922174&perks=1392496348,3230963543,957782887,3425386926
dimwishlist:item=1449922174&perks=839105230,1087426260,957782887,3425386926
dimwishlist:item=1449922174&perks=1840239774,1087426260,957782887,3425386926
dimwishlist:item=1449922174&perks=1392496348,1087426260,957782887,3425386926
dimwishlist:item=1449922174&perks=839105230,106909392,1168162263,3425386926
dimwishlist:item=1449922174&perks=1840239774,106909392,1168162263,3425386926
dimwishlist:item=1449922174&perks=1392496348,106909392,1168162263,3425386926
dimwishlist:item=1449922174&perks=839105230,3230963543,1168162263,3425386926
dimwishlist:item=1449922174&perks=1840239774,3230963543,1168162263,3425386926
dimwishlist:item=1449922174&perks=1392496348,3230963543,1168162263,3425386926
dimwishlist:item=1449922174&perks=839105230,1087426260,1168162263,3425386926
dimwishlist:item=1449922174&perks=1840239774,1087426260,1168162263,3425386926
dimwishlist:item=1449922174&perks=1392496348,1087426260,1168162263,3425386926

bleh
